# Array shape: (80,)
3.850000000000000089e-01
3.529999999999999805e-01
3.559999999999999831e-01
3.509999999999999787e-01
3.410000000000000253e-01
3.489999999999999769e-01
3.509999999999999787e-01
3.479999999999999760e-01
3.830000000000000071e-01
3.430000000000000271e-01
3.270000000000000129e-01
3.599999999999999867e-01
3.589999999999999858e-01
3.619999999999999885e-01
3.760000000000000009e-01
3.589999999999999858e-01
3.719999999999999973e-01
4.050000000000000266e-01
3.439999999999999725e-01
3.719999999999999973e-01
3.340000000000000191e-01
3.850000000000000089e-01
3.459999999999999742e-01
3.459999999999999742e-01
3.539999999999999813e-01
3.810000000000000053e-01
3.669999999999999929e-01
3.719999999999999973e-01
3.960000000000000187e-01
3.980000000000000204e-01
3.589999999999999858e-01
3.320000000000000173e-01
3.790000000000000036e-01
3.499999999999999778e-01
3.049999999999999933e-01
3.140000000000000013e-01
3.830000000000000071e-01
3.559999999999999831e-01
3.739999999999999991e-01
3.689999999999999947e-01
3.960000000000000187e-01
3.609999999999999876e-01
3.599999999999999867e-01
3.860000000000000098e-01
3.589999999999999858e-01
3.430000000000000271e-01
3.880000000000000115e-01
3.549999999999999822e-01
3.719999999999999973e-01
3.529999999999999805e-01
3.310000000000000164e-01
3.390000000000000235e-01
3.330000000000000182e-01
3.519999999999999796e-01
3.609999999999999876e-01
3.479999999999999760e-01
3.330000000000000182e-01
4.030000000000000249e-01
3.689999999999999947e-01
3.960000000000000187e-01
3.430000000000000271e-01
3.430000000000000271e-01
3.760000000000000009e-01
3.420000000000000262e-01
3.970000000000000195e-01
3.820000000000000062e-01
3.099999999999999978e-01
3.330000000000000182e-01
3.930000000000000160e-01
3.770000000000000018e-01
3.579999999999999849e-01
3.980000000000000204e-01
3.410000000000000253e-01
3.119999999999999996e-01
3.920000000000000151e-01
3.430000000000000271e-01
3.709999999999999964e-01
4.169999999999999818e-01
3.750000000000000000e-01
3.970000000000000195e-01
