# Array shape: (70,)
3.699999999999999956e-01
4.050000000000000266e-01
3.880000000000000115e-01
3.910000000000000142e-01
3.629999999999999893e-01
4.020000000000000240e-01
3.920000000000000151e-01
3.770000000000000018e-01
4.089999999999999747e-01
3.559999999999999831e-01
3.370000000000000218e-01
3.940000000000000169e-01
3.880000000000000115e-01
3.589999999999999858e-01
4.079999999999999738e-01
3.880000000000000115e-01
3.739999999999999991e-01
3.750000000000000000e-01
3.940000000000000169e-01
3.820000000000000062e-01
3.930000000000000160e-01
3.870000000000000107e-01
3.830000000000000071e-01
3.639999999999999902e-01
3.790000000000000036e-01
3.940000000000000169e-01
3.950000000000000178e-01
3.439999999999999725e-01
3.810000000000000053e-01
4.000000000000000222e-01
4.040000000000000258e-01
3.280000000000000138e-01
3.430000000000000271e-01
3.780000000000000027e-01
3.709999999999999964e-01
3.629999999999999893e-01
4.099999999999999756e-01
3.920000000000000151e-01
4.050000000000000266e-01
3.900000000000000133e-01
4.149999999999999800e-01
5.099999999999999672e-02
4.209999999999999853e-01
4.179999999999999827e-01
3.990000000000000213e-01
3.719999999999999973e-01
4.060000000000000275e-01
4.060000000000000275e-01
4.129999999999999782e-01
3.960000000000000187e-01
3.830000000000000071e-01
3.739999999999999991e-01
4.089999999999999747e-01
4.010000000000000231e-01
4.800000000000000100e-02
4.339999999999999969e-01
4.060000000000000275e-01
4.089999999999999747e-01
4.069999999999999729e-01
3.750000000000000000e-01
3.459999999999999742e-01
4.030000000000000249e-01
4.099999999999999756e-01
3.920000000000000151e-01
4.060000000000000275e-01
3.930000000000000160e-01
4.189999999999999836e-01
3.920000000000000151e-01
3.990000000000000213e-01
4.119999999999999774e-01
