# Array shape: (80,)
2.280000000000000082e-01
2.939999999999999836e-01
2.010000000000000120e-01
2.829999999999999738e-01
2.540000000000000036e-01
2.340000000000000135e-01
2.389999999999999902e-01
2.750000000000000222e-01
2.479999999999999982e-01
2.790000000000000258e-01
2.369999999999999885e-01
2.510000000000000009e-01
2.730000000000000204e-01
2.730000000000000204e-01
2.989999999999999880e-01
2.859999999999999765e-01
2.330000000000000127e-01
2.949999999999999845e-01
2.829999999999999738e-01
2.489999999999999991e-01
2.069999999999999896e-01
2.839999999999999747e-01
2.310000000000000109e-01
2.710000000000000187e-01
2.349999999999999867e-01
2.200000000000000011e-01
2.670000000000000151e-01
2.520000000000000018e-01
2.859999999999999765e-01
2.790000000000000258e-01
2.429999999999999938e-01
2.389999999999999902e-01
2.680000000000000160e-01
2.640000000000000124e-01
2.660000000000000142e-01
2.780000000000000249e-01
3.109999999999999987e-01
2.369999999999999885e-01
2.510000000000000009e-01
2.839999999999999747e-01
3.099999999999999978e-01
2.369999999999999885e-01
2.560000000000000053e-01
2.630000000000000115e-01
2.859999999999999765e-01
2.570000000000000062e-01
2.889999999999999791e-01
2.780000000000000249e-01
2.730000000000000204e-01
3.009999999999999898e-01
1.459999999999999909e-01
2.429999999999999938e-01
2.109999999999999931e-01
2.129999999999999949e-01
2.419999999999999929e-01
1.600000000000000033e-01
2.560000000000000053e-01
2.879999999999999782e-01
2.939999999999999836e-01
2.760000000000000231e-01
2.469999999999999973e-01
2.409999999999999920e-01
2.919999999999999818e-01
2.869999999999999774e-01
2.220000000000000029e-01
1.769999999999999907e-01
2.560000000000000053e-01
2.730000000000000204e-01
2.630000000000000115e-01
2.149999999999999967e-01
2.979999999999999871e-01
2.680000000000000160e-01
3.059999999999999942e-01
2.449999999999999956e-01
2.580000000000000071e-01
2.869999999999999774e-01
2.899999999999999800e-01
2.939999999999999836e-01
2.260000000000000064e-01
2.379999999999999893e-01
